ALIMENTO OVEJA LOBO 
1-(0,0,0,0)Todos a la derecha 
2-(1,0,1,0)Llevar/dejar Oveja Izquierda
3-(0,0,1,0) Devolver Barca Derecha 
4-(1,0,1,1) Llevar lobo Izquierda
5-(0,0,0,1) Devolver Barca y dejar oveja derecha
6-(1,1,0,1) Llevar alimento izquierda 
7-(0,1,0,1)Devolver barca derecha 
8-(1,1,1,1)Llevar oveja izquierda
----------------------------------------------------
0.(0,0,0,0)1: (1,0,0,0),(1,0,0,1)(1,0,1,0)
1.(1,0,0,0)9: (0,0,0,0)
2.(1,0,0,1)10:(0,0,0,1),(0,0,0,0)
3.(0,0,0,1)2:(1,1,0,1),(1,0,1,1)
4.(1,1,0,1)14:(0,1,0,0),(0,0,0,1),(0,1,0,1)
5.(0,1,0,0)5:(1, 1, 1, 0),(1,1,0,1),(1,1,0,0)
6.(0,1,0,1)6:(1,1,0,1),(1,1,1,1)
7.(1,1,0,0)13:(0,1,0,0),(0,0,0,0)
8.(1,0,1,1)12:(0,0,0,1),(0,0,1,1),(0,0,1,0)
9.(1,1,1,0)15:(0,1,0,0),(0,0,1,0)
10.(0,1,1,0)7:NO PUEDE DARSE, NO CUMPLE CONDICIONES
11.(0,0,1,1)4:NO PUEDE DARSE, NO CUMPLE CONDICIONES 
12.(0,0,1,0)3:(1,1,1,0),(1,0,1,1)
13.(0,1,1,1)8:(1,1,1,1)
14.(1, 0, 1, 0):(0,0,1,0),(0,0,0,0)
15.(1,1,1,1)16:ESTADO ACEPTACION
SECUENCIA:1-11-3-12-2-14-6-16
--------------------------------------------------------
CANIBALES

1.(0,3,3)Todos a la derecha
2.(1,3,1)llevar canibal izquierda
3.(0,3,2)devolver canibal derecha
4.(1,3,0)llevar canival izquierda
5.(0,3,1)llevar canibal derecha
6.(1,1,1)llevar monje y canibal izquierda
7.(0,2,2)traer monje y canibal
8.(1,0,2)llevar monjes izquierda
9.(0,0,3)llevar canibal derecha
10.(1,0,1)llevar canibal izquierda
11.(0,0,2)llevar canibales izquierda
12.(1,0,0)todos izquierda
---------------------------------------------
1.(0,0,0):(1,2,3),(1,3,2)(1,2,2)(1,1,2)(1,3,1)
2.(0,0,1):(1,0,0)
3.(0,0,2):(1,0,0),(1,0,1)
4.(0,0,3):(1,0,1)(1,0,2)
5.(0,1,0):(1,0,0)
6.(0,1,1):(1,1,0)(1,0,1),(1,1,1)
7.(0,1,2):(1,0,1),(1,1,0)
8.(0,1,3):(1,0,2),(1,1,2)
9.(0,2,0):(1,1,0),(1,0,0)
10.(0,2,1):(1,1,0),(0,0,1),(1,2,0)
11.(0,2,2):(1,0,2)(1,2,0)(1,1,1)(1,1,2)(1,2,1)
12.(0,2,3):(1,0,3),(1,1,3)(1,2,2)(1,2,1)(1,1,2)
13.(0,3,0):(1,2,0)(1,1,0)
14.(0,3,1):(1,2,1),(1,1,1)(1,3,0),(1,2,0)
15.(0,3,2):(1,2,2)(1,1,2)(1,3,1)(1,3,0)(1,2,1)
16.(0,3,3):(1,1,3)(1,2,3)(1,3,2)(1,3,1)(1,2,2)
17.(1,0,0):(0,1,0)(0,2,0)(0,0,1)(0,0,2)(0,1,1)
18.(1,0,1):(0,1,1)(0,2,1)(0,0,2)(0,0,3)(0,1,2)
19.(1,0,2):(0,1,2)(0,2,2)(0,0,3)(0,1,3)
20.(1,0,3):(0,1,3)(1,2,3)
21.(1,1,0):(0,2,0)(0,3,0)(0,1,1)(0,1,2)(0,2,1)
22.(1,1,1):(0,2,1)(0,3,1)(0,1,2)(0,1,3)(0,2,2)
23.(1,1,2):(0,2,2)(0,3,2)(0,1,3)(0,2,3)
24.(1,1,3):(0,2,3)(0,3,3)
25.(1,2,0):(0,3,0)(0,2,1)(0,2,2)(0,3,1)
26.(1,2,1):(0,3,1)(0,2,2)(0,2,3)(0,3,2)
27.(1,2,2):(0,3,2)(0,2,3)(0,3,3)
28.(1,2,3):(0,3,3)
29.(1,3,0):(0,3,1)(0,3,2)
30.(1,3,1)(0,3,2)(0,3,3)
31.(1,3,2):(0,3,3)
32.(1,3,3)ESTADO FINAL 



SECUENCIA:16-30-15-29-14-22-11-19-4-18-3-17
-------------------------------------------------------------
FAMILIA

(L,N,ON,M,H,A)
1.(0,0,0,0,0,0),Todos derecga 
2.(1,1,1,0,0,0),niño1, niño2 izquierda
3.(0,0,1,0,0,0),niño1 derecha
4.(1,0,1,0,1,1),anciano y hombre izquierda
5.(0,0,0,0,1,1),niño2 derecha
6.(1,1,0,1,1,1),niño1 mujer izquierda
7.(0,0,0,1,1,1),niño1 derecha
8.(1,1,1,1,1,1)niño1 niño 2 izquierda

SECUENCIA:1-57-9-44-4-56-8-64

